# pair matrix from file 'full.caca'
# A R N D C Q E G H I L K M F P S T W Y V 
27178   41380   33205   35293   8177    28526   38750   52704   19994   39808   60880   32876   19834   31802   38149   45261   46478   10784   28795   47789   
41380   17152   26584   42543   7534    24517   42399   45980   15333   28189   45677   24801   14704   24477   34146   36502   37072   8944    24597   33567   
33205   26584   12398   27131   6511    19940   27516   34567   13106   23824   35937   22385   10785   20373   26254   31830   32828   6687    20031   29174   
35293   42543   27131   14413   5815    23263   30697   38820   16638   26077   38876   34853   13350   20366   29196   33677   34096   7916    21861   32534   
8177    7534    6511    5815    3742    4549    5623    10394   4455    7139    11637   6022    3164    6389    9293    8761    8489    3923    5304    8784    
28526   24517   19940   23263   4549    10031   24037   32129   11399   20022   34608   18863   10055   17738   24306   27468   28661   7284    16214   24373   
38750   42399   27516   30697   5623    24037   15665   40800   16860   29637   45607   38678   14931   23676   31097   33035   34885   7760    22873   34816   
52704   45980   34567   38820   10394   32129   40800   32199   21539   39977   55338   35227   18535   31871   44420   45349   49555   12952   30727   44037   
19994   15333   13106   16638   4455    11399   16860   21539   5088    14269   21111   12115   7500    12303   15854   17026   18366   4234    11516   16365   
39808   28189   23824   26077   7139    20022   29637   39977   14269   18106   49851   23399   15122   24669   26123   31487   34970   7506    20071   36871   
60880   45677   35937   38876   11637   34608   45607   55338   21111   49851   45475   38058   24058   38985   42231   49660   53890   15131   32925   57917   
32876   24801   22385   34853   6022    18863   38678   35227   12115   23399   38058   12192   12025   18160   24894   30535   30523   7120    19276   30878   
19834   14704   10785   13350   3164    10055   14931   18535   7500    15122   24058   12025   4626    11956   13619   15728   15036   4011    10915   16735   
31802   24477   20373   20366   6389    17738   23676   31871   12303   24669   38985   18160   11956   11093   23619   28000   28078   8063    19253   29083   
38149   34146   26254   29196   9293    24306   31097   44420   15854   26123   42231   24894   13619   23619   18953   34082   34253   10748   25198   34725   
45261   36502   31830   33677   8761    27468   33035   45349   17026   31487   49660   30535   15728   28000   34082   25159   44043   8559    26314   41523   
46478   37072   32828   34096   8489    28661   34885   49555   18366   34970   53890   30523   15036   28078   34253   44043   23977   11554   25430   43416   
10784   8944    6687    7916    3923    7284    7760    12952   4234    7506    15131   7120    4011    8063    10748   8559    11554   2028    6549    9450    
28795   24597   20031   21861   5304    16214   22873   30727   11516   20071   32925   19276   10915   19253   25198   26314   25430   6549    9512    25888   
47789   33567   29174   32534   8784    24373   34816   44037   16365   36871   57917   30878   16735   29083   34725   41523   43416   9450    25888   24094   
