# pair matrix from file 'full.czcz'
# A R N D C Q E G H I L K M F P S T W Y V 
28440   44221   34246   36941   8522    30532   41053   0       22057   41174   66127   32017   21791   34415   39593   46939   47873   12083   32722   48977   
44221   23104   32851   52999   7740    29440   54682   0       19540   30031   50675   31472   15729   28118   36873   40272   40297   11448   30687   36452   
34246   32851   13670   33618   5436    22552   30836   0       15219   24455   39295   25626   11612   22137   26849   34306   34682   7862    21950   29819   
36941   52999   33618   15771   6407    27121   35109   0       19096   26309   41258   39667   14534   22556   31914   36964   36333   12658   25905   32748   
8522    7740    5436    6407    3874    5001    5988    0       4856    8170    12544   5808    3398    7162    9233    9021    8639    3048    5829    9222    
30532   29440   22552   27121   5001    11039   26981   0       12750   21128   37596   22425   10960   19284   25773   30202   31259   8458    20078   26136   
41053   54682   30836   35109   5988    26981   20598   0       19018   30383   47930   46332   16427   26245   32322   36219   37338   9167    28570   37067   
0       0       0       0       0       0       0       0       0       0       0       0       0       0       0       0       0       0       0       0       
22057   19540   15219   19096   4856    12750   19018   0       5640    15469   23274   14491   8252    13928   16543   18715   19688   4448    14585   17768   
41174   30031   24455   26309   8170    21128   30383   0       15469   19569   55287   23400   17368   28640   27560   33325   35916   8875    23908   40241   
66127   50675   39295   41258   12544   37596   47930   0       23274   55287   50860   36738   27215   46450   44743   53245   58761   16056   37757   63153   
32017   31472   25626   39667   5808    22425   46332   0       14491   23400   36738   14737   11795   19014   25554   33910   31912   7645    22860   29577   
21791   15729   11612   14534   3398    10960   16427   0       8252    17368   27215   11795   5223    14817   14449   16074   16557   4952    12991   19149   
34415   28118   22137   22556   7162    19284   26245   0       13928   28640   46450   19014   14817   14798   25785   32087   30911   11722   24034   34329   
39593   36873   26849   31914   9233    25773   32322   0       16543   27560   44743   25554   14449   25785   19012   34959   35869   11658   27236   34988   
46939   40272   34306   36964   9021    30202   36219   0       18715   33325   53245   33910   16074   32087   34959   26755   48096   10039   29777   43639   
47873   40297   34682   36333   8639    31259   37338   0       19688   35916   58761   31912   16557   30911   35869   48096   25476   12445   29610   46388   
12083   11448   7862    12658   3048    8458    9167    0       4448    8875    16056   7645    4952    11722   11658   10039   12445   2377    8950    10945   
32722   30687   21950   25905   5829    20078   28570   0       14585   23908   37757   22860   12991   24034   27236   29777   29610   8950    12202   27863   
48977   36452   29819   32748   9222    26136   37067   0       17768   40241   63153   29577   19149   34329   34988   43639   46388   10945   27863   25475   
