# pair matrix from file 'new_full.caca'
# A R N D C Q E G H I L K M F P S T W Y V 
45      99      142     101     4       79      96      161     29      71      75      104     17      28      40      185     162     67      178     79      
99      27      158     139     11      43      96      287     37      59      35      74      26      50      62      241     156     58      281     54      
142     158     87      266     25      119     145     307     69      101     81      190     30      45      101     323     282     67      371     105     
101     139     266     92      27      105     145     318     50      80      107     208     22      58      95      308     236     75      268     119     
4       11      25      27      1       9       5       15      15      3       13      3       2       1       14      20      19      8       15      12      
79      43      119     105     9       19      89      184     43      20      44      67      26      47      45      170     133     57      187     53      
96      96      145     145     5       89      45      179     26      63      78      130     30      63      64      286     186     40      178     81      
161     287     307     318     15      184     179     217     79      107     102     263     49      101     102     439     358     167     433     144     
29      37      69      50      15      43      26      79      11      35      35      28      7       10      21      67      60      21      57      27      
71      59      101     80      3       20      63      107     35      30      51      59      23      32      20      112     119     86      145     31      
75      35      81      107     13      44      78      102     35      51      30      79      13      19      55      146     127     31      131     66      
104     74      190     208     3       67      130     263     28      59      79      63      35      37      63      251     170     86      244     59      
17      26      30      22      2       26      30      49      7       23      13      35      2       13      14      67      41      10      64      18      
28      50      45      58      1       47      63      101     10      32      19      37      13      9       19      104     63      13      41      30      
40      62      101     95      14      45      64      102     21      20      55      63      14      19      16      118     115     41      142     54      
185     241     323     308     20      170     286     439     67      112     146     251     67      104     118     170     298     118     386     139     
162     156     282     236     19      133     186     358     60      119     127     170     41      63      115     298     127     91      258     103     
67      58      67      75      8       57      40      167     21      86      31      86      10      13      41      118     91      6       122     39      
178     281     371     268     15      187     178     433     57      145     131     244     64      41      142     386     258     122     80      156     
79      54      105     119     12      53      81      144     27      31      66      59      18      30      54      139     103     39      156     32      
